30
13
9 3 10 1 7 11 13 12 5 4 6 2 8 
8
2 6 1 5 7 8 3 4 
8
5 6 4 3 1 2 8 7 
10
5 4 1 7 3 6 8 9 2 10 
16
5 7 14 12 8 10 1 11 15 4 13 9 6 3 2 16 
4
1 3 4 2 
12
5 9 1 3 8 11 4 12 6 2 7 10 
16
10 12 11 3 16 6 7 14 13 2 9 4 8 15 1 5 
17
3 1 9 14 7 11 5 15 2 10 17 13 4 12 16 6 8 
4
2 1 3 4 
18
10 4 17 16 6 12 7 2 15 8 13 9 14 11 3 18 5 1 
6
4 3 1 6 5 2 
5
4 1 5 2 3 
7
2 7 3 1 4 6 5 
14
10 13 5 1 8 14 3 4 11 6 12 7 2 9 
7
2 6 4 3 5 1 7 
15
8 9 11 3 2 14 15 7 4 10 5 12 6 1 13 
12
6 3 12 2 9 10 5 1 8 7 11 4 
13
8 11 1 2 13 5 7 9 3 4 10 6 12 
10
8 7 10 5 2 6 9 1 3 4 
13
1 4 9 6 2 13 10 3 5 7 12 8 11 
15
1 5 15 6 4 13 2 3 8 11 14 12 9 7 10 
12
5 12 4 8 10 7 1 3 6 2 11 9 
11
9 7 2 11 1 10 6 8 5 3 4 
14
1 3 10 11 2 6 9 5 7 13 14 4 12 8 
13
2 11 5 3 9 1 7 13 12 4 10 6 8 
16
15 8 14 12 9 5 7 4 16 1 2 13 3 6 10 11 
16
10 4 16 11 13 1 5 3 2 7 15 9 8 12 14 6 
5
5 2 3 1 4 
8
8 5 4 7 2 3 1 6 
